latitude: 43.610767
longitude: 3.876716
ifttt: KEY
